19315
4626
16809
3742
4452
10012
11161
4439
1408
8494
14937
7641
1035
7285
6385
4135
8869
11381
9483
15856
6635
17811
9494
2261
7144
13619
7560
9290
7234
9694
15406
6383
16384
4602
18669
14528
17809
17965
345
14476
5466
2509
4351
3817
10187
5136
2414
12856
6710
2361
5568
13020
8950
18396
9076
18061
19370
16852
5282
18073
925
19836
1871
15686
16752
5369
17172
17811
18414
6562
10542
16090
16001
13409
10684
683
11622
14123
9062
2866
10834
19444
223
11559
14043
4312
17235
8067
13711
17479
5400
17485
6472
19716
3693
7195
14098
18082
10034
12698
18557
4919
12663
3903
9708
16636
8925
6319
9192
10464
8286
19864
5003
1773
16583
8447
12950
19610
9857
17531
7624
10875
17559
17660
10025
4690
16593
18028
12959
10631
3666
13258
16205
849
14856
14612
5413
5768
1317
12596
8717
762
18830
19852
7154
3318
15234
5302
5290
19002
18116
4898
8335
12203
10238
1567
889
6125
18556
14616
10591
19586
5745
9457
4251
18979
2039
15046
4468
11934
2593
17808
14417
11833
9056
18869
10701
16566
4006
5517
15742
2144
2534
2868
17378
16875
8369
13542
11686
8830
945
13401
13479
14466
11345
10367
4115
4017
16924
6443
17358
3606
5861
18714
5856
11506
19935
16470
862
17940
6447
13820
3707
9077
18529
675
7743
7780
10657
12857
9326
9719
13179
7452
6
8621
4048
6188
6926
3673
12716
18405
17833
4903
10735
19576
440
9215
6196
2318
8101
606
1586
1207
6235
14945
4265
12388
1172
4812
8367
18422
1655
14599
12147
5562
2262
10580
2160
8459
19202
3884
14118
3366
4094
10874
7225
19454
14047
19758
8544
10381
13918
17172
16567
15481
8120
7184
8079
14716
12877
13948
11813
8540
14290
1800
599
16256
8870
13725
8370
5580
11814
16682
8772
11758
7976
5691
10949
10106
19121
17549
3320
13
6873
9992
16932
15796
13006
18608
79
13442
1070
19443
6390
16088
11298
3877
11754
1906
4282
3048
17496
12866
14863
10507
11169
10985
2069
2802
14256
16527
15967
8912
13478
19166
2690
6777
4928
19002
116
5910
15029
15544
7941
19695
3902
13560
15634
5426
1811
19707
4404
8567
17467
14925
7541
7840
16429
11331
1656
19821
8682
3986
18025
